3
20
33
35
40
45
46
48
53
57
65
82
86
100
101
108
115
128
131
141
142
143
145
146
152
168
169
173
181
189
190
209
217
219
230
253
257
258
263
273
274
275
281
287
293
303
308
309
323
333
335
340
341
345
373
374
375
382
384
385
389
390
392
397
398
403
406
413
422
435
443
450
452
454
469
470
473
483
484
490
493
496
499
504
507
513
533
537
543
552
559
562
563
570
575
580
585
588
591
594
596
597
609
613
614
615
619
621
634
636
637
659
672
695
697
707
711
717
718
719
720
723
727
733
737
751
753
764
765
779
781
782
792
798
806
809
814
838
839
842
845
852
853
856
867
872
873
881
886
889
890
893
904
908
916
919
922
925
926
960
966
974
975
982
986
988
989
993
995
1008
1009
1011
1013
1015
1016
1033
1038
1042
1054
1063
1067
1070
1073
1077
1086
1087
1090
1094
1098
1099
1110
1111
1115
1116
1130
1140
1148
1158
1162
1165
1174
1175
1180
1184
1187
1188
1194
1203
1209
1214
1227
1232
1239
1241
1246
1247
1255
1257
1260
1264
1274
1276
1292
1294
1297
1300
1305
1306
1331
1332
1337
1348
1349
1354
1365
1369
1370
1372
1378
1387
1403
1407
1409
1410
1418
1419
1421
1431
1443
1444
1446
1448
1465
1469
1479
1491
1500
1506
1511
1512
1516
1521
1531
1534
1542
1545
1546
1548
1550
1560
1584
1594
1597
1601
1603
1609
1611
1613
1614
1618
1625
1630
1632
1634
1641
1642
1652
1662
1667
1675
1682
1687
1688
1694
1704
1707
1712
1723
1730
1750
1753
1760
1761
1763
1772
1775
1787
1794
1795
1798
1803
1804
1816
1831
1834
1836
1844
1850
1854
1860
1868
1869
1878
1882
1886
1894
1903
1905
1924
1926
1927
1937
1944
1947
1950
1952
1956
1957
1959
1966
1967
1973
1975
1982
1985
2003
2005
2007
2019
2020
2027
2034
2036
2037
2047
2048
2051
2065
2067
2068
2074
2082
2083
2087
2093
2094
2095
2101
2102
2109
2110
2114
2119
2121
2122
2128
2129
2130
2139
2145
2147
2148
2150
2152
2173
2187
2191
2195
2199
2200
2212
2215
2222
2224
2227
2230
2236
2243
2249
2251
2252
2257
2258
2259
2264
2265
2268
2272
2273
2283
2288
2294
2296
2305
2308
2309
2311
2312
2313
2318
2320
2324
2332
2336
2341
2344
2346
2349
2356
2357
2361
2363
2373
2383
2384
2388
2390
2392
2399
2400
2401
2403
2409
2424
2425
2430
2471
2479
2482
2485
2489
2490
2492
2493
2505
2515
2516
2520
2522
2528
2530
2532
2562
2563
2567
2569
2571
2572
2579
2580
2586
2588
2590
2592
2593
2596
